0 101
0 115
0 272
0 336
0 337
0 354
0 381
0 422
0 510
0 726
0 729
0 742
1 110
1 600
1 671
1 751
2 148
2 189
2 290
2 501
2 592
2 667
2 717
2 726
2 745
3 148
3 197
3 218
3 280
3 292
3 358
3 400
3 588
3 593
3 613
3 726
3 729
3 746
3 785
3 792
4 6
5 336
6 21
6 22
6 88
6 119
6 130
6 139
6 150
6 157
6 163
6 174
6 190
6 246
6 259
6 304
6 338
6 345
6 360
6 433
6 439
6 526
6 555
6 602
6 631
6 667
6 782
7 48
7 311
7 696
7 781
8 50
8 56
8 60
8 151
8 186
8 205
8 210
8 252
8 254
8 262
8 463
8 493
8 626
8 696
8 744
9 602
10 46
10 64
10 91
10 95
10 115
10 162
10 189
10 194
10 242
10 336
10 354
10 357
10 527
10 588
10 602
10 623
10 726
10 729
10 746
11 228
11 235
11 273
11 573
12 64
12 70
12 145
12 148
12 183
12 261
12 351
12 366
12 562
12 570
13 96
13 115
13 155
13 726
14 279
14 360
14 575
15 89
15 296
15 355
15 474
16 428
16 442
17 53
17 138
17 160
17 392
17 584
17 640
17 667
18 198
18 442
18 461
18 520
18 633
19 338
19 726
20 160
20 454
20 667
21 39
21 402
21 453
21 479
21 531
21 616
21 631
22 88
22 259
22 279
22 338
22 345
22 354
22 360
22 439
22 555
22 559
22 575
22 631
22 667
22 726
23 189
23 293
23 368
23 602
23 709
24 201
24 357
25 360
25 464
25 653
26 50
26 373
26 667
27 48
27 288
28 336
28 393
28 422
29 48
29 115
29 121
29 185
29 237
29 258
29 314
29 327
29 336
29 354
29 472
29 510
29 542
29 568
29 617
29 632
29 700
29 729
29 740
29 790
30 510
30 564
31 160
31 192
31 239
32 38
32 227
32 499
32 679
32 725
33 48
33 78
33 257
33 293
33 323
33 399
33 632
33 647
33 708
34 73
34 247
34 291
34 310
34 538
34 682
34 789
35 127
35 244
35 564
35 691
36 480
37 38
37 49
37 61
37 106
37 178
37 199
37 499
37 509
37 510
38 49
38 61
38 112
38 178
38 199
38 219
38 227
38 240
38 465
38 487
38 499
38 509
38 510
38 564
38 594
38 679
38 703
38 725
39 402
39 453
39 479
39 531
39 616
40 45
40 50
40 489
40 596
40 667
41 632
42 206
42 285
42 635
43 360
44 70
44 148
44 326
44 350
44 366
44 387
44 469
44 588
46 242
46 406
46 588
46 658
47 574
48 69
48 77
48 78
48 81
48 89
48 92
48 98
48 101
48 110
48 115
48 121
48 157
48 161
48 165
48 172
48 185
48 189
48 200
48 237
48 257
48 258
48 288
48 290
48 293
48 314
48 327
48 336
48 339
48 348
48 354
48 360
48 368
48 384
48 386
48 399
48 409
48 429
48 439
48 464
48 466
48 472
48 484
48 495
48 499
48 501
48 532
48 538
48 542
48 547
48 568
48 573
48 577
48 598
48 600
48 602
48 607
48 617
48 619
48 632
48 633
48 683
48 686
48 692
48 696
48 699
48 700
48 708
48 709
48 710
48 726
48 729
48 732
48 740
48 743
48 749
48 759
48 761
48 775
48 790
48 791
49 115
49 178
49 227
49 240
49 354
49 499
49 633
50 60
50 123
50 151
50 210
50 224
50 249
50 264
50 274
50 373
50 556
50 582
50 602
50 608
50 611
50 667
50 678
50 696
50 714
50 720
50 724
50 744
50 764
51 197
52 115
52 272
52 295
52 411
52 442
52 516
52 535
52 667
52 710
53 160
53 360
53 392
53 464
53 544
53 629
53 640
53 648
53 667
54 667
55 788
56 60
56 210
56 744
57 115
57 633
57 726
58 220
58 541
58 726
59 96
59 115
59 213
60 110
60 151
60 189
60 210
60 600
60 602
60 667
60 696
60 729
60 744
61 87
61 178
61 240
61 258
61 336
61 354
61 411
61 440
61 472
61 499
61 519
61 584
61 632
61 726
62 187
62 631
63 348
63 573
63 610
63 617
63 667
63 696
64 70
64 72
64 84
64 87
64 115
64 145
64 148
64 189
64 223
64 242
64 244
64 256
64 261
64 266
64 303
64 336
64 351
64 354
64 357
64 366
64 383
64 396
64 472
64 477
64 538
64 552
64 564
64 584
64 586
64 588
64 602
64 632
64 633
64 655
64 668
64 726
64 742
64 766
64 783
65 148
66 160
67 140
67 187
67 190
67 259
67 631
68 250
68 303
68 329
68 663
70 72
70 148
70 303
70 326
70 350
70 351
70 366
70 528
70 564
70 655
71 573
71 696
72 145
72 148
72 303
72 376
72 536
72 723
72 726
73 247
73 310
73 538
73 682
74 148
74 280
74 482
74 726
75 503
75 640
76 297
76 403
76 674
76 696
77 89
77 115
77 341
77 345
77 360
77 419
77 439
77 600
77 602
77 696
77 726
77 758
77 790
78 110
78 189
78 237
78 258
78 293
78 332
78 336
78 354
78 399
78 411
78 445
78 602
78 632
78 633
78 699
78 708
79 89
79 607
79 696
80 360
80 788
81 95
81 339
81 619
81 790
82 218
83 345
84 148
84 303
84 691
85 115
85 391
85 442
85 567
85 687
86 336
87 115
87 272
87 336
87 354
87 411
87 472
87 519
87 520
87 633
87 688
87 710
87 726
88 114
88 139
88 163
88 174
88 190
88 304
88 338
88 345
88 360
88 439
88 523
88 631
88 635
88 667
88 715
88 765
89 100
89 110
89 115
89 117
89 128
89 132
89 175
89 189
89 281
89 282
89 296
89 306
89 317
89 321
89 345
89 354
89 355
89 357
89 360
89 361
89 368
89 369
89 397
89 419
89 460
89 474
89 501
89 518
89 538
89 546
89 573
89 583
89 584
89 596
89 597
89 598
89 600
89 602
89 607
89 631
89 633
89 666
89 672
89 696
89 710
89 726
89 752
89 753
89 781
89 790
90 360
90 713
91 189
91 421
91 538
91 597
91 598
91 600
91 602
92 98
92 686
93 633
93 644
94 110
95 110
95 115
95 122
95 126
95 141
95 168
95 177
95 191
95 195
95 200
95 203
95 237
95 324
95 325
95 336
95 347
95 354
95 411
95 426
95 467
95 502
95 541
95 553
95 567
95 574
95 584
95 599
95 600
95 602
95 617
95 632
95 633
95 639
95 646
95 667
95 701
95 710
95 726
95 729
95 740
95 748
95 756
95 773
96 110
96 115
96 120
96 213
96 258
96 330
96 354
96 408
96 440
96 444
96 510
96 541
96 607
96 644
96 645
96 667
96 702
96 710
96 726
96 729
96 739
96 742
96 772
97 437
97 503
97 640
99 138
99 196
99 270
99 584
99 667
100 460
101 110
101 159
101 191
101 193
101 204
101 313
101 336
101 422
101 426
101 504
101 596
101 600
101 628
101 696
101 726
101 729
101 751
102 738
103 513
103 633
104 140
105 244
105 417
105 468
105 564
105 691
106 178
106 258
106 509
107 663
108 696
109 696
110 115
110 126
110 133
110 134
110 146
110 166
110 176
110 189
110 191
110 200
110 207
110 282
110 313
110 324
110 336
110 344
110 349
110 354
110 357
110 360
110 361
110 411
110 414
110 419
110 426
110 431
110 442
110 444
110 449
110 455
110 456
110 485
110 494
110 496
110 504
110 538
110 574
110 580
110 584
110 596
110 598
110 599
110 600
110 601
110 602
110 606
110 607
110 617
110 622
110 628
110 633
110 666
110 667
110 671
110 689
110 696
110 726
110 728
110 729
110 736
110 739
110 742
110 748
110 751
110 762
110 772
111 189
111 584
111 709
112 227
113 541
114 130
114 360
114 523
115 121
115 126
115 148
115 178
115 179
115 185
115 189
115 197
115 199
115 213
115 229
115 233
115 258
115 272
115 295
115 301
115 302
115 327
115 330
115 336
115 337
115 338
115 353
115 354
115 357
115 360
115 368
115 381
115 393
115 411
115 426
115 428
115 432
115 435
115 440
115 442
115 446
115 462
115 472
115 478
115 481
115 484
115 499
115 510
115 513
115 516
115 517
115 519
115 520
115 538
115 542
115 549
115 552
115 567
115 568
115 581
115 584
115 588
115 600
115 602
115 603
115 632
115 633
115 638
115 641
115 644
115 667
115 684
115 687
115 688
115 700
115 710
115 726
115 729
115 733
115 742
115 743
115 747
115 751
115 769
116 726
117 474
118 644
118 726
118 742
119 345
119 360
119 395
119 559
119 631
119 657
120 726
120 772
121 185
121 258
121 327
121 354
121 472
121 542
121 568
121 632
121 700
121 761
123 249
123 667
124 336
124 375
125 148
125 245
125 564
126 189
126 336
126 600
126 726
127 148
127 244
127 377
127 564
128 175
128 607
129 140
129 631
130 304
130 360
130 490
130 631
130 667
131 148
131 183
131 275
131 560
132 246
132 306
132 460
133 260
133 430
133 538
133 601
133 739
134 584
135 136
135 645
135 726
137 667
138 160
138 584
138 667
138 726
138 742
139 163
139 190
139 360
139 523
139 555
139 631
139 640
139 667
140 171
140 187
140 190
140 246
140 259
140 345
140 355
140 360
140 439
140 631
140 698
140 715
141 325
141 643
142 160
142 464
142 530
142 554
142 584
142 602
142 640
142 648
142 667
143 264
143 274
144 237
144 389
144 690
145 148
145 183
145 261
145 266
145 298
145 303
145 329
145 350
145 351
145 366
145 477
145 548
145 564
145 570
145 630
145 655
146 431
146 600
147 178
147 510
148 150
148 178
148 180
148 183
148 189
148 208
148 212
148 223
148 244
148 245
148 261
148 266
148 275
148 298
148 303
148 326
148 329
148 350
148 351
148 358
148 366
148 387
148 424
148 427
148 428
148 450
148 468
148 469
148 473
148 475
148 476
148 477
148 482
148 528
148 536
148 543
148 551
148 557
148 558
148 560
148 561
148 562
148 564
148 570
148 586
148 588
148 589
148 602
148 655
148 663
148 681
148 691
148 726
148 742
148 744
148 746
148 783
148 793
149 648
151 607
151 696
152 188
152 360
152 559
153 246
153 360
153 439
153 464
153 667
153 737
154 267
154 573
154 656
154 661
154 696
156 311
156 340
156 751
157 246
157 360
157 394
157 631
158 189
158 716
159 204
159 336
160 167
160 189
160 192
160 231
160 248
160 268
160 328
160 354
160 382
160 392
160 404
160 447
160 458
160 464
160 480
160 544
160 554
160 584
160 600
160 604
160 629
160 640
160 648
160 667
160 677
160 781
161 692
163 190
163 338
163 360
163 523
163 555
163 631
164 468
165 189
166 191
166 600
166 736
167 360
167 464
167 554
167 584
167 667
168 211
168 336
168 541
168 584
169 360
169 635
170 319
170 691
171 631
173 645
174 345
174 360
174 434
174 439
174 559
174 667
175 403
175 419
175 489
175 573
175 607
177 354
177 415
177 481
177 538
177 633
177 667
177 726
177 769
178 199
178 258
178 499
178 508
178 509
178 510
178 564
178 602
178 725
178 726
178 729
178 742
178 746
179 353
179 442
179 520
179 567
179 684
180 183
180 329
180 350
180 366
180 746
181 475
182 664
182 696
183 275
183 326
183 329
183 350
183 351
183 356
183 366
183 476
183 511
183 543
183 560
183 562
183 570
183 590
183 602
183 746
184 715
185 258
185 327
185 354
185 472
185 542
185 568
185 632
185 700
185 761
186 608
186 744
187 190
187 259
187 345
187 360
187 631
188 360
188 559
188 673
189 191
189 224
189 237
189 242
189 258
189 293
189 300
189 317
189 327
189 333
189 336
189 338
189 354
189 357
189 360
189 368
189 371
189 411
189 419
189 421
189 426
189 448
189 449
189 484
189 495
189 538
189 545
189 552
189 573
189 578
189 584
189 588
189 596
189 598
189 600
189 602
189 607
189 617
189 632
189 633
189 667
189 683
189 696
189 705
189 709
189 716
189 717
189 719
189 726
189 729
189 741
189 742
189 743
189 768
189 778
189 780
189 781
190 202
190 246
190 259
190 304
190 338
190 345
190 360
190 490
190 523
190 555
190 631
190 635
190 757
191 200
191 204
191 217
191 313
191 327
191 336
191 375
191 414
191 426
191 449
191 538
191 600
191 622
191 628
191 689
191 710
191 728
191 729
191 751
192 554
192 602
192 648
192 667
193 336
193 628
193 754
195 467
195 502
196 670
197 258
197 336
197 510
197 588
197 726
197 729
198 442
198 461
198 633
198 687
199 510
199 726
200 336
200 600
200 617
200 729
200 751
202 285
202 308
202 338
202 360
203 584
203 599
204 217
204 238
204 336
204 628
204 729
206 285
206 635
207 426
207 739
209 263
209 360
209 675
210 316
210 322
210 506
210 563
210 582
210 608
210 636
210 696
210 744
213 567
214 696
215 365
215 633
216 511
218 358
221 307
221 696
222 360
222 490
223 256
223 303
223 586
223 655
224 336
224 361
224 596
224 600
224 604
224 617
225 726
226 345
226 758
226 767
227 240
227 499
227 508
227 679
227 725
228 492
229 354
229 405
229 411
229 633
229 726
229 769
230 336
231 677
232 277
232 332
232 360
234 349
234 677
236 253
236 360
237 257
237 293
237 314
237 339
237 399
237 409
237 471
237 602
237 632
237 699
237 708
237 773
237 775
237 790
238 336
238 729
240 499
241 693
242 336
242 406
242 522
242 602
243 360
243 579
244 303
244 468
244 564
244 691
246 355
246 360
246 385
246 439
246 460
246 464
246 631
246 657
247 310
247 426
247 682
249 360
249 373
249 439
249 464
249 667
250 303
250 383
250 663
251 755
253 360
254 744
255 469
256 558
257 293
257 399
257 699
257 708
258 297
258 327
258 336
258 354
258 411
258 449
258 472
258 510
258 538
258 542
258 552
258 567
258 568
258 600
258 602
258 632
258 633
258 700
258 726
258 729
258 761
259 279
259 345
259 360
259 378
259 526
259 555
259 631
259 657
259 706
260 430
260 601
260 633
261 303
261 329
261 366
261 655
263 342
263 360
264 274
264 413
265 538
266 298
266 351
266 655
267 661
267 696
268 464
269 726
270 584
271 601
271 693
272 295
272 330
272 337
272 354
272 408
272 428
272 442
272 516
272 552
272 567
272 633
272 688
272 710
272 726
273 764
274 413
274 556
274 720
275 476
275 560
275 570
276 738
277 332
277 360
278 360
279 360
279 555
279 575
279 631
279 706
280 326
280 358
280 400
280 543
280 557
280 613
280 726
280 785
280 792
282 419
282 600
282 696
282 762
283 354
283 726
284 607
285 308
285 360
285 378
285 398
285 490
285 620
285 635
285 662
286 413
287 342
287 360
287 439
287 576
287 675
287 715
287 738
287 760
289 744
290 501
291 601
291 789
292 358
292 497
293 321
293 368
293 399
293 632
294 696
295 336
295 516
295 552
295 667
295 684
295 710
297 574
297 604
298 351
299 368
299 778
300 354
300 726
301 354
301 552
301 726
302 381
302 432
302 442
302 520
302 684
302 710
302 733
303 329
303 350
303 383
303 443
303 477
303 558
303 564
303 586
303 655
303 663
303 668
304 338
304 360
304 464
304 490
304 523
304 526
304 631
305 309
306 355
306 419
306 460
306 501
306 518
306 598
306 600
306 607
306 781
307 348
307 624
307 696
308 360
309 354
310 789
311 340
311 781
312 336
313 336
313 414
313 426
313 600
313 602
313 689
313 748
314 399
314 409
314 459
314 647
314 708
314 759
314 775
314 790
315 361
315 489
315 573
315 781
316 608
316 652
316 744
318 357
320 336
321 368
321 419
321 600
321 607
322 744
323 399
324 467
324 541
324 574
324 632
324 633
326 329
326 358
326 366
326 602
326 613
326 726
326 746
327 336
327 348
327 354
327 411
327 422
327 472
327 542
327 568
327 602
327 632
327 633
327 700
327 726
327 742
329 350
329 351
329 366
329 477
329 570
329 655
329 746
330 338
330 354
330 393
330 710
330 726
330 742
331 399
332 360
332 699
334 432
335 341
336 354
336 357
336 360
336 363
336 368
336 370
336 372
336 375
336 381
336 393
336 399
336 407
336 411
336 422
336 426
336 428
336 440
336 442
336 445
336 462
336 472
336 510
336 513
336 519
336 538
336 540
336 552
336 567
336 568
336 584
336 585
336 588
336 596
336 600
336 602
336 606
336 607
336 615
336 617
336 619
336 628
336 632
336 633
336 643
336 646
336 649
336 666
336 667
336 677
336 684
336 696
336 699
336 710
336 726
336 727
336 728
336 729
336 734
336 740
336 742
336 751
336 754
336 756
336 778
336 779
336 795
337 391
337 687
338 354
338 360
338 439
338 523
338 538
338 552
338 602
338 631
338 633
338 667
338 726
338 742
339 619
339 761
339 790
340 587
341 345
341 360
341 698
342 360
342 439
342 576
342 675
342 737
342 788
343 345
343 360
343 698
344 696
344 728
345 360
345 366
345 395
345 439
345 523
345 525
345 559
345 602
345 631
345 657
345 698
345 726
345 790
346 462
348 411
348 484
348 573
348 602
348 617
348 624
348 633
348 665
348 696
349 414
349 600
349 751
350 366
350 477
350 570
350 655
351 366
351 476
351 570
352 729
353 519
353 567
353 684
354 360
354 381
354 393
354 411
354 428
354 439
354 440
354 442
354 464
354 472
354 484
354 495
354 499
354 510
354 513
354 519
354 535
354 538
354 542
354 552
354 567
354 568
354 584
354 600
354 602
354 607
354 632
354 633
354 640
354 644
354 648
354 667
354 700
354 710
354 726
354 729
354 742
354 790
355 419
355 460
355 518
355 598
355 631
356 511
357 426
357 538
357 552
357 601
357 602
357 667
357 726
357 742
358 400
358 497
358 507
358 588
358 602
358 613
358 726
358 729
358 742
358 785
359 456
360 368
360 378
360 395
360 398
360 419
360 434
360 437
360 439
360 457
360 464
360 484
360 490
360 501
360 503
360 515
360 523
360 524
360 525
360 526
360 534
360 555
360 559
360 575
360 576
360 598
360 600
360 602
360 607
360 620
360 627
360 631
360 633
360 635
360 640
360 648
360 653
360 660
360 662
360 667
360 673
360 675
360 696
360 698
360 706
360 707
360 712
360 715
360 724
360 726
360 731
360 737
360 738
360 760
360 765
360 777
360 788
360 790
360 794
361 362
361 431
361 596
361 600
361 605
361 617
361 696
361 729
361 751
361 762
362 600
363 728
364 406
364 522
366 469
366 476
366 477
366 505
366 536
366 543
366 560
366 570
366 588
366 602
366 726
366 746
367 439
367 464
368 484
368 538
368 600
368 602
368 607
368 633
368 667
368 696
368 709
368 743
368 778
369 419
370 540
373 595
373 667
374 488
374 726
375 449
376 723
376 726
377 564
378 526
378 555
378 635
378 662
379 633
380 744
381 393
381 428
381 552
381 574
381 615
381 633
381 667
381 710
381 726
381 729
381 742
381 770
382 629
382 667
383 663
383 668
384 749
385 631
386 790
388 726
390 696
391 687
392 544
393 481
393 519
393 602
393 633
393 726
393 742
395 631
395 657
395 659
397 460
398 712
398 715
398 777
399 632
399 647
399 689
399 699
399 708
400 613
400 726
400 785
400 792
401 726
402 531
402 616
402 631
403 607
404 781
406 522
408 644
408 680
408 688
408 726
408 742
409 759
409 775
409 790
410 744
411 428
411 442
411 513
411 519
411 538
411 584
411 602
411 607
411 632
411 633
411 667
411 710
411 726
411 769
412 584
413 664
413 678
413 696
413 735
413 764
414 449
414 470
414 600
414 617
414 622
414 751
414 754
415 494
415 538
415 601
415 633
416 582
416 718
418 656
419 460
419 501
419 518
419 596
419 598
419 600
419 607
419 696
419 710
419 726
419 753
420 667
421 588
421 602
421 633
423 425
423 426
423 538
423 601
425 538
426 444
426 456
426 504
426 538
426 601
426 602
426 633
426 667
426 689
426 726
426 729
426 739
428 442
428 456
428 510
428 513
428 535
428 552
428 574
428 584
428 603
428 633
428 667
428 710
428 726
428 729
428 769
430 494
430 601
430 633
431 596
431 600
432 633
432 710
432 742
435 462
436 507
437 503
437 640
438 698
439 464
439 555
439 559
439 573
439 576
439 624
439 631
439 665
439 667
439 675
439 696
439 698
439 715
439 737
439 738
439 788
440 632
440 633
440 726
440 742
441 594
442 461
442 513
442 516
442 519
442 520
442 567
442 584
442 602
442 633
442 641
442 684
442 687
442 710
442 726
442 742
442 769
444 538
444 601
444 607
444 633
444 726
444 772
447 667
449 600
449 729
450 681
451 729
451 770
452 600
453 631
454 667
456 535
456 574
456 584
456 667
460 518
460 598
460 631
461 633
463 744
464 576
464 584
464 629
464 631
464 640
464 653
464 667
464 788
465 487
467 502
467 541
468 564
468 691
470 538
472 519
472 542
472 568
472 602
472 632
472 633
472 683
472 700
472 726
473 558
474 518
474 696
475 558
476 560
477 564
477 655
478 638
478 733
479 531
479 616
480 667
481 519
482 609
482 726
482 744
483 726
484 499
484 538
484 602
484 633
486 726
488 726
489 667
490 526
490 635
490 662
491 715
493 696
494 498
494 601
495 632
495 633
498 601
498 633
499 600
499 601
499 602
499 632
499 633
499 667
499 679
499 710
499 722
499 726
500 756
501 600
503 534
503 640
504 538
504 601
504 633
504 789
505 536
505 726
505 787
506 572
506 608
506 744
508 509
508 725
509 725
510 633
510 725
510 726
510 729
510 746
512 564
513 633
513 726
514 600
514 628
515 788
516 538
516 552
516 667
516 684
516 710
517 519
517 520
518 598
518 600
518 696
519 520
519 552
519 567
519 633
519 710
519 726
520 667
520 684
520 710
521 538
521 633
523 555
523 760
525 631
525 698
526 555
526 602
526 635
526 662
529 573
529 696
530 640
530 648
530 667
531 566
531 621
531 755
533 710
534 640
534 777
535 631
535 726
536 676
536 726
536 787
537 600
537 762
538 541
538 552
538 584
538 600
538 601
538 602
538 607
538 617
538 632
538 633
538 667
538 682
538 709
538 726
538 729
538 742
538 789
539 628
539 751
540 567
540 726
541 633
541 726
541 729
542 568
542 632
542 633
542 700
542 761
548 630
549 726
550 552
550 650
551 783
552 567
552 584
552 602
552 633
552 645
552 667
552 726
552 729
552 742
552 751
553 646
553 701
553 740
554 648
554 667
555 575
555 631
555 635
555 706
556 720
557 726
559 569
559 576
559 631
559 673
559 698
559 788
560 562
562 570
563 744
564 691
564 722
565 631
565 784
567 603
567 617
567 667
567 756
568 632
568 700
571 744
572 744
573 583
573 600
573 607
573 617
573 656
573 661
573 667
573 696
573 753
573 781
573 786
574 584
574 603
574 604
574 631
574 667
575 631
576 627
576 675
576 715
576 760
576 788
578 602
580 600
580 612
581 711
584 600
584 602
584 632
584 633
584 667
584 669
584 726
584 729
584 742
585 625
586 655
587 781
588 591
588 602
588 633
588 729
588 746
591 746
592 745
595 667
596 600
596 617
598 600
598 607
598 633
598 696
598 726
598 753
600 602
600 605
600 607
600 612
600 614
600 617
600 622
600 628
600 631
600 633
600 666
600 667
600 671
600 672
600 677
600 696
600 716
600 721
600 726
600 729
600 736
600 742
600 751
600 754
600 762
600 770
600 781
600 790
601 633
601 693
601 726
601 789
602 632
602 633
602 667
602 684
602 699
602 710
602 726
602 729
602 737
602 742
602 743
602 746
602 768
604 619
604 667
604 740
605 762
607 617
607 696
607 726
607 753
607 772
607 781
608 652
608 744
609 744
610 696
613 726
613 785
613 792
617 628
617 667
617 696
617 726
617 729
617 740
617 750
617 751
617 756
617 781
618 667
619 646
619 740
619 790
619 795
622 751
624 665
624 696
627 715
627 788
628 671
628 754
629 667
631 657
631 667
631 694
631 784
632 633
632 699
632 700
632 701
632 710
632 726
633 644
633 667
633 688
633 709
633 710
633 726
633 727
633 729
633 742
633 769
633 789
634 725
635 640
635 662
637 726
637 787
638 733
640 648
640 667
640 737
640 777
642 762
644 667
644 680
644 688
644 726
644 727
644 742
645 702
645 726
645 730
646 701
646 795
647 708
648 667
648 710
648 737
651 726
653 667
654 658
656 661
656 696
661 696
661 786
664 696
665 696
667 669
667 695
667 696
667 710
667 724
667 726
667 729
667 737
667 742
667 771
667 781
671 751
673 788
674 696
674 763
675 715
675 788
676 726
676 787
677 781
679 725
680 726
682 789
683 790
684 710
684 726
685 744
688 726
689 708
695 781
696 726
696 729
696 735
696 744
696 750
696 751
696 752
696 753
696 763
696 764
696 774
696 781
696 786
697 738
702 726
702 742
704 770
710 726
710 729
712 715
715 737
715 760
715 788
723 726
726 727
726 729
726 739
726 742
726 746
726 747
726 769
726 772
726 785
726 787
726 790
726 792
729 740
729 742
729 751
729 761
729 779
740 795
744 776
752 753
753 764
758 767
759 761
775 790
785 792
